10010000000000110100000001000000010000001000000000
00110000000000010100001110000001001000001000000000
11010000000000000010000000011000001000001100001000
11100000000001101011000000001010100000000000000001
00100000000001101000000000000000110000000010001110
01000000000000010010001010000000011101000100000101
10000000000000000110000001000000000000000000000101
01000000010000111000001001000000000100010000000000
00000000010000010000001000000000000100000001010000
00000000001000100000001101100001100000000000000000
00000000000000100000001101000001100010111100001000
00000000000000100000000101100000010001110100001000
00000000000000000001001101010001100000000000010000
00000000000000000001011010010001100000010011100000
00000000000001111101001010001000000000010010000000
00000000000010101010110111010000000000101100000000
00000000000110100000010000000000000000110010000000
10000000000000001000100000000100000000111000000011
01000000000001010000100010110100000000111000000001
01100000000001001000000101110100000001001000000001
