Density,StableGeneration
0.10 211
0.11 116
0.12 146
0.13 254
0.14 372
0.15 289
0.16 391
0.17 250
0.18 450
0.19 391
0.20 305
0.21 308
0.22 294
0.23 324
0.24 449
0.25 528
0.26 434
0.27 400
0.28 341
0.29 301
0.30 413
0.31 382
0.32 323
0.33 329
0.34 396
0.35 391
0.36 305
0.37 352
0.38 371
0.39 324
0.40 447
0.41 341
0.42 336
0.43 369
0.44 446
0.45 439
0.46 352
0.47 385
0.48 312
0.49 360
0.50 366
0.51 464
0.52 367
0.53 515
0.54 498
0.55 279
0.56 332
0.57 303
0.58 430
0.59 351
0.60 365
0.61 286
0.62 281
0.63 354
0.64 284
0.65 301
0.66 340
0.67 154
0.68 213
0.69 274
0.70 165
0.71 122
0.72 48
0.73 147
0.74 52
0.75 31
0.76 15
0.77 22
0.78 2
0.79 16
0.80 3
0.81 3
0.82 0
0.83 0
0.84 0
0.85 0
0.86 0
0.87 0
0.88 0
0.89 0
