00000000000000000000000000000000001101011000000001
00000000000011100000000000000000000101000000000000
10000000000000000000000000000000000100000001011100
01000000001000001000000000000000000000000001110010
01100000011100001000000000000000000000001110000000
01100000100000001000000011000000001100000011000011
00100011000100000000000111100011011000001100000011
01100011000011100000000101110000001010001000010001
11100010011000000000011101100000011000010000110000
01000001100000000000000001000000001110000100000000
00000000000000000000000000000000000000000100000000
00000000000000000000000000000000000000000100000000
00000001100000000000000000000000000000000000000000
00000001100000000000000000000000000000000000000000
00000000000000000000000000000000000000000000000000
00000000000000000000000000000000000000000000000000
00000000000000000000000000000000000010000000011000
00000000000000000000000000000000000001000000100110
00000000000000000000000000000000000110000001000110
00000000000000000000000000000000001010000000000001
