00000000000000000000000000000000000000000100110000
00001100000000000000000000000000000000000010110000
00011110000000000000000000000000000000000001001000
00010010000000000000000000000000000010100011110001
10000000000000000000000000000000000010010010110110
10010000000000000000000000000000000010010000001000
01100000000000000000000000001000000001100000001001
00111000000010000000000000001010000000000000001001
00010000000101000000000000001100000000000000000110
01000000000000100000000000000000000000000000000000
01010000000011100000000000000000000000000000000000
01010000000010000000000000111000000000000000000010
00000000001110100000000000111000000000001010000101
00000000000101100000000000000000000000011010001001
00000000010100000000000000000000000000000010001000
00000000010001000000000011100000000000000000001110
00000000011001000000000000000000000000010100000010
00000000001110000000000000000000000000011011000000
00000000000100000000000000000000000000000001000000
00000000000000000000000000000000000000001000100000
